1   12   0.014
1   27   0.117
1   28   0.989
1   29   0.015
1   30   0.103
1   31   0.016
1   32   0.119
1   33   0.989
1   34   0.303
1   35   0.168
1   36   0.015
1   37   0.989
1   38   0.016
1   39   0.148
1   40   0.014
1   41   0.016
1   42   0.99
1   43   0.15
2   1   0.017
2   9   0.017
2   44   0.728
2   45   0.245
2   46   0.58
2   47   0.025
2   48   0.245
2   49   0.722
2   50   0.245
2   51   0.017
2   52   0.019
2   53   0.02
2   54   0.013
2   55   0.02
2   56   0.013
2   57   0.322
2   58   0.722
2   34   0.507
2   59   0.263
2   60   0.019
2   61   0.019
2   62   0.02
2   63   0.825
2   64   0.241
2   65   0.798
2   66   0.018
2   67   0.02
2   68   0.765
2   69   0.017
2   70   0.322
2   71   0.02
2   72   0.245
2   73   0.017
2   74   0.825
2   75   0.234
2   76   0.527
2   77   0.334
2   78   0.022
2   79   0.334
2   80   0.02
2   81   0.93
2   39   0.019
2   82   0.248
2   83   0.022
2   84   0.022
2   85   0.739
2   86   0.334
2   87   0.245
2   88   0.241
2   89   0.234
2   90   0.017
2   91   0.013
2   92   0.245
2   93   0.263
2   94   0.019
3   46   0.63
3   95   0.015
3   50   0.146
3   96   0.014
3   58   0.146
3   97   0.989
3   98   0.189
3   99   0.99
3   100   0.989
3   101   0.015
3   102   0.015
3   103   0.99
3   104   0.987
3   105   0.99
3   88   0.146
3   106   0.185
3   107   0.988
4   108   0.016
5   109   0.15
5   110   0.168
5   111   0.016
5   112   0.015
5   113   0.016
5   114   0.156
5   31   0.016
5   115   0.016
5   116   0.99
5   117   0.156
5   118   0.99
5   119   0.012
5   120   0.016
5   121   0.016
5   122   0.014
5   123   0.016
5   124   0.015
5   125   0.016
5   126   0.016
5   127   0.99
5   128   0.014
5   129   0.549
5   130   0.016
5   131   0.015
5   132   0.168
5   133   0.015
5   134   0.11
5   135   0.016
5   136   0.016
5   137   0.014
5   138   0.016
5   38   0.016
5   139   0.016
5   140   0.014
5   141   0.048
5   142   0.016
5   143   0.781
5   144   0.014
5   145   0.014
5   146   0.934
5   147   0.584
5   148   0.016
5   149   0.697
5   150   0.016
5   151   0.36
5   152   0.015
6   36   0.021
6   153   0.018
6   77   0.404
6   154   0.023
6   155   0.018
6   156   0.018
7   10   0.639
7   12   0.014
7   48   0.014
7   157   0.014
7   158   0.015
7   159   0.016
7   160   0.016
7   34   0.147
7   161   0.014
7   162   0.024
7   163   0.014
7   164   0.014
7   165   0.015
7   72   0.989
7   166   0.015
7   167   0.014
7   168   0.016
7   169   0.016
7   170   0.014
7   171   0.192
7   172   0.014
7   39   0.147
7   173   0.016
7   174   0.119
7   175   0.016
7   176   0.147
7   177   0.015
7   178   0.016
8   179   0.161
8   46   0.115
8   180   0.014
8   50   0.115
8   181   0.014
8   182   0.152
8   183   0.99
8   184   0.138
8   185   0.161
8   186   0.014
8   187   0.016
8   188   0.112
8   58   0.115
8   189   0.73
8   190   0.016
8   59   0.015
8   35   0.161
8   191   0.152
8   192   0.152
8   193   0.014
8   36   0.015
8   194   0.112
8   195   0.015
8   196   0.012
8   197   0.112
8   198   0.138
8   199   0.016
8   200   0.161
8   201   0.016
8   202   0.014
8   203   0.161
8   204   0.016
8   205   0.016
8   206   0.016
8   207   0.595
8   208   0.016
8   209   0.016
9   210   0.015
9   62   0.143
9   211   0.132
9   212   0.016
9   213   0.016
9   214   0.829
10   215   0.021
10   216   0.38
10   217   0.018
11   12   0.104
11   21   0.014
11   180   0.014
11   218   0.015
11   219   0.015
11   220   0.136
11   221   0.015
11   222   0.625
11   223   0.342
11   224   0.015
11   225   0.136
11   30   0.81
11   226   0.014
11   227   0.015
11   228   0.014
11   31   0.015
11   117   0.181
11   229   0.015
11   230   0.014
11   231   0.113
11   232   0.014
11   58   0.107
11   233   0.014
11   234   0.015
11   34   0.718
11   235   0.715
11   236   0.213
11   237   0.104
11   238   0.015
11   193   0.014
11   239   0.014
11   240   0.015
11   195   0.016
11   241   0.6
11   242   0.014
11   243   0.015
11   244   0.11
11   245   0.014
11   246   0.104
11   247   0.015
11   248   0.046
11   249   0.014
11   197   0.107
11   250   0.015
11   251   0.503
11   252   0.338
11   253   0.115
11   254   0.015
11   255   0.015
11   256   0.133
11   257   0.015
11   258   0.511
11   259   0.012
11   260   0.095
11   261   0.107
11   141   0.989
11   262   0.014
11   263   0.954
11   82   0.099
11   264   0.107
11   265   0.014
11   266   0.015
11   267   0.47
11   268   0.015
11   214   0.107
11   88   0.014
11   269   0.113
11   270   0.015
11   271   0.113
11   272   0.718
11   273   0.104
11   274   0.625
11   275   0.947
11   93   0.6
11   276   0.014
11   277   0.014
11   278   0.113
11   279   0.6
12   280   0.016
12   281   0.015
12   282   0.015
12   283   0.135
12   284   0.016
12   285   0.017
13   286   0.234
13   287   0.298
13   288   0.02
13   289   0.02
13   290   0.977
13   291   0.02
13   292   0.531
14   31   0.016
14   293   0.989
14   294   0.016
14   295   0.014
15   34   0.199
15   296   0.017
15   62   0.015
15   297   0.218
15   298   0.989
15   299   0.015
15   300   0.15
15   301   0.015
15   302   0.968
16   303   0.016
16   304   0.015
16   30   0.016
16   305   0.015
16   98   0.015
16   306   0.016
16   307   0.016
16   308   0.135
16   309   0.016
16   310   0.016
16   311   0.016
17   312   0.542
17   313   0.822
17   314   0.419
17   315   0.333
17   316   0.02
17   317   0.542
17   318   0.99
17   319   0.02
17   238   0.015
17   320   0.014
17   321   0.017
17   322   0.016
17   323   0.017
17   324   0.935
17   325   0.016
17   326   0.014
17   327   0.108
17   328   0.022
17   329   0.016
17   330   0.961
17   331   0.99
17   332   0.017
17   333   0.97
17   334   0.989
17   335   0.542
17   143   0.014
17   336   0.016
17   337   0.02
17   338   0.016
17   339   0.014
17   340   0.017
18   225   0.308
18   231   0.318
18   236   0.647
18   73   0.34
18   255   0.341
18   341   0.019
18   342   0.021
18   343   0.34
18   339   0.344
18   93   0.429
18   344   0.022
18   278   0.344
19   221   0.02
19   345   0.02
19   77   0.02
19   266   0.298
19   346   0.021
20   347   0.016
20   348   0.017
20   67   0.134
20   349   0.015
20   350   0.199
20   351   0.015
20   352   0.199
20   353   0.199
21   20   0.99
21   354   0.017
22   355   0.014
22   356   0.132
22   357   0.014
22   325   0.015
22   134   0.105
22   358   0.015
22   359   0.987
22   360   0.989
22   361   0.989
22   362   0.012
22   363   0.098
22   364   0.015
23   365   0.99
23   366   0.726
23   367   0.016
23   368   0.223
23   369   0.99
23   370   0.888
24   18   0.015
24   21   0.016
24   179   0.134
24   45   0.926
24   46   0.117
24   371   0.015
24   372   0.016
24   373   0.016
24   48   0.014
24   49   0.141
24   50   0.141
24   374   0.015
24   375   0.015
24   376   0.014
24   51   0.016
24   377   0.015
24   210   0.014
24   378   0.014
24   223   0.158
24   379   0.016
24   380   0.016
24   381   0.105
24   382   0.016
24   383   0.016
24   384   0.014
24   385   0.508
24   386   0.015
24   387   0.014
24   388   0.015
24   389   0.105
24   390   0.016
24   391   0.015
24   57   0.016
24   392   0.022
24   393   0.016
24   394   0.016
24   395   0.503
24   58   0.566
24   396   0.016
24   397   0.016
24   398   0.1
24   399   0.016
24   400   0.1
24   401   0.105
24   402   0.016
24   403   0.016
24   404   0.181
24   405   0.015
24   406   0.108
24   407   0.102
24   408   0.105
24   409   0.112
24   410   0.134
24   411   0.016
24   412   0.014
24   413   0.34
24   414   0.016
24   415   0.016
24   416   0.016
24   417   0.016
24   418   0.016
24   419   0.105
24   420   0.016
24   421   0.014
24   422   0.022
24   423   0.015
24   424   0.014
24   62   0.014
24   425   0.284
24   240   0.016
24   426   0.014
24   427   0.016
24   63   0.022
24   241   0.112
24   428   0.105
24   429   0.112
24   244   0.108
24   430   0.016
24   431   0.016
24   432   0.016
24   433   0.015
24   434   0.016
24   435   0.015
24   436   0.014
24   437   0.016
24   438   0.014
24   439   0.016
24   440   0.968
24   441   0.016
24   442   0.015
24   443   0.014
24   444   0.014
24   445   0.1
24   446   0.014
24   447   0.014
24   448   0.015
24   449   0.016
24   450   0.014
24   349   0.014
24   451   0.988
24   452   0.016
24   453   0.016
24   454   0.016
24   455   0.014
24   456   0.016
24   457   0.105
24   458   0.016
24   459   0.017
24   460   0.016
24   461   0.016
24   462   0.016
24   463   0.014
24   464   0.016
24   465   0.016
24   466   0.016
24   467   0.015
24   468   0.016
24   469   0.015
24   470   0.014
24   471   0.134
24   359   0.014
24   472   0.016
24   351   0.016
24   473   0.014
24   474   0.014
24   141   0.563
24   475   0.014
24   476   0.014
24   477   0.016
24   265   0.02
24   478   0.105
24   479   0.015
24   480   0.014
24   481   0.014
24   482   0.014
24   483   0.014
24   484   0.016
24   485   0.016
24   486   0.014
24   487   0.015
24   488   0.014
24   489   0.015
24   490   0.086
24   491   0.105
24   214   0.99
24   492   0.014
24   310   0.016
24   88   0.014
24   493   0.014
24   494   0.014
24   495   0.016
24   496   0.015
24   497   0.016
24   498   0.014
24   149   0.014
24   89   0.016
24   499   0.014
24   500   0.015
24   501   0.014
24   502   0.014
24   503   0.016
24   504   0.014
24   273   0.014
24   505   0.015
24   506   0.105
24   274   0.115
24   507   0.108
24   508   0.016
24   509   0.015
24   510   0.014
24   511   0.015
24   512   0.015
24   513   0.014
24   514   0.014
24   515   0.015
24   516   0.014
24   517   0.016
24   279   0.015
24   518   0.016
25   519   0.016
25   520   0.016
25   521   0.015
25   522   0.015
25   523   0.11
26   25   0.103
26   524   0.989
26   525   0.015
26   376   0.014
26   526   0.014
26   527   0.015
26   528   0.014
26   529   0.014
26   530   0.012
26   227   0.015
26   531   0.126
26   532   0.099
26   533   0.015
26   392   0.015
26   280   0.015
26   534   0.107
26   535   0.015
26   536   0.126
26   537   0.014
26   538   0.015
26   34   0.021
26   539   0.015
26   540   0.015
26   541   0.015
26   542   0.015
26   543   0.014
26   544   0.014
26   545   0.133
26   546   0.015
26   547   0.015
26   548   0.015
26   549   0.015
26   435   0.015
26   550   0.015
26   441   0.107
26   551   0.014
26   552   0.015
26   553   0.015
26   554   0.015
26   555   0.014
26   556   0.015
26   557   0.015
26   558   0.126
26   559   0.015
26   560   0.014
26   561   0.015
26   562   0.015
26   563   0.014
26   283   0.014
26   39   0.015
26   564   0.014
26   565   0.015
26   566   0.015
26   567   0.126
26   568   0.015
26   569   0.126
26   42   0.014
26   570   0.014
26   571   0.015
26   273   0.103
26   91   0.014
26   572   0.014
26   573   0.014
26   574   0.015
26   575   0.015
26   576   0.015
